00	115589.04885868264
01	115810.34328192774
02	115511.19688630951
03	115873.92493952102
04	116483.6541656627
05	106508.50890240964
06	105364.03153253012
07	152646.35638862275
08	184159.43635149702
09	170381.0020589286
10	164070.9315493976
11	169585.9736375
12	176733.1326994012
13	178058.102723494
14	162667.97048809522
15	166989.47917349395
16	173261.31562440476
17	171770.35279101797
18	132552.50288988094
19	125586.34543772457
20	125232.31782469878
21	125266.75090299401
22	121863.62779640716
23	122560.90641488096
